117.33 0.9649927460867259
120.65 1.0794790410193245
125.79 1.0878690178509545
130.92 1.2145517691724794
134.86 1.2035796608450975
139.45 1.1771469746807321
145.81 1.1392712583050622
150.07 1.0149142820947985
155.63 1.2499323981719972
162.05 1.1106191966646353
167.24 1.2627842254320412
172.21 1.4051544399104319
176.83 1.214417967587766
182.39 1.2374081784116346
190.56 1.3829909616479783
194.66 1.570236924798293
203.41 1.4222584153380848
209.14 1.3690887480364449
213.35 1.5265238288346499
217.98 1.5837916529644924
226.11 1.3994924079822657
233.43 1.5152725827388287
239.58 1.5879659945981213
246.22 1.3804042886053347
253.42 1.656754658964326
262.05 1.5200246708524177
266.83 1.611090003693152
279.37 1.8389483407643616
281.02 1.8645632196308068
292.8 1.4481022063376607
295.19 1.60035589791771
303.99 1.8268275780707934
313.81 1.7661650545744585
318.36 1.6879289084555666
329.75 1.622675260179929
333.46 1.738299168727869
340.83 1.5927369525442672
351.88 1.8286213386045784
355.62 1.9537543346081154
368.43 1.9928499692651225
375.08 1.9573798813720344
382.0 2.015093049960721
389.35 2.123882058872385
400.18 1.9928562416792637
411.8 2.0571339285520525
416.43 2.0997740354619117
427.09 2.13794738008212
432.86 2.0557246897383896
445.56 2.0833300266640427
452.99 2.1754307619411843
462.57 2.028460253492782
470.45 2.4249278339777454
483.63 2.5083323145069913
487.8 2.210022624318584
502.55 2.3515686254073045
507.95 2.2561637795160174
523.79 2.2272087912901206
528.01 2.5499213713367714
536.52 2.4221263385711325
550.83 2.11357777240394
558.28 2.6802268560702096
566.02 2.362243848547393
582.55 2.3173422276392412
587.08 2.3786416291656884
602.29 2.3642882649964663
609.2 2.249088704342272
617.2 2.297738018138708
632.44 2.5839628480301338
643.71 2.535795535921617
652.84 2.4899686745017493
665.64 2.45640061879165
673.41 2.7154408481865335
688.85 2.5655554954044555
696.56 2.6108741831041957
709.76 2.3887703949940433
719.54 2.7188387226902586
731.56 2.619057845867479
744.2 2.4439312592624205
749.03 3.2280165736873156
769.45 2.626190206363583
775.66 2.9970058391668175
792.65 2.91973885818578
802.24 2.6775406626230724
817.42 3.123017130916832
824.27 3.288125757935666
845.38 2.4468665676738484
847.84 2.997189350041135
863.48 2.9141201073394347
876.31 3.0082119273747985
891.51 2.9749115953251453
899.82 3.0945235497568926
921.94 2.4636891037628916
928.28 3.202220479604738
945.52 3.304072638426704
954.75 3.0056405307355036
968.32 3.2469025239449367
979.23 3.283926156295236
991.91 3.2077124247662843
1005.48 3.3856603491785764
1012.67 3.499315790265291
1031.09 3.19142899028006
1050.15 3.0399794407199536
1066.15 2.960350486006682
1075.37 2.844034282493796
1086.59 3.3204546375458888
1106.07 3.615418509661088
1116.3 2.728644352054697
1136.49 3.34291773754605
1150.07 3.5655365655115636
1160.26 3.179296148520927
1170.63 3.4067185090641106
1193.78 3.5758797518932317
1204.33 3.297151952822314
1219.69 3.6677430389818753
1236.12 3.5680605376030265
1245.47 3.424717652595612
1258.68 3.0443350669727534
1280.76 3.505285152451937
1300.08 3.26247390794164
1308.39 3.589537435380776
1327.78 4.098086870723948
1337.11 3.7087975140198752
1357.01 3.9121987423953812
1379.94 3.6942609545076808
1388.42 4.054680751921167
1399.49 4.2014163088177785
1416.26 3.8152226671584977
1433.32 3.2716014427188407
1456.24 4.112569026776329
1467.13 3.379605154452218
1485.76 3.914259061431678
1507.32 3.8633374173116173
1511.76 3.9531030849194915
1534.49 4.079889581839195
1545.92 3.911385432298893
1569.75 3.7902869284527787
1579.19 3.9195585210582067
1601.19 3.967384402852842
1628.19 4.127655387747383
1638.93 3.73111926906659
1651.45 4.024310499949029
1664.84 4.534461820326642
1696.15 4.078121503829919
1714.37 4.081118841690352
1718.93 4.407317891870293
1743.68 3.8777539891024544
1758.77 4.2564740102577865
1777.85 4.135078596592814
1795.56 4.320424053261439
1814.74 4.484631980441651
1830.39 4.447626220805881
1848.12 4.701792849541546
1865.02 4.470994967565945
1884.4 4.216515148792899
1909.17 4.973450613005019
1928.32 4.328207019078454
1940.89 4.243628046848594
1956.0 4.4941517553371515
1975.13 4.659928218331265
1995.1 4.882407193178381
2019.24 4.740192401158417
2031.61 4.611678544738347
2061.27 4.9980167066547505
2072.77 4.275204205649129
2102.91 4.6642061489604
2115.38 4.343081394586107
2130.91 4.402365159774914
2152.79 4.263972209102681
2160.72 4.681945749365321
2185.23 3.988780640747245
2211.0 4.962318006738384
2233.98 4.472783920557755
2257.27 4.546379988518337
2280.94 5.322007515966132
2284.0 4.472337196589721
2309.9 4.651118145134565
2333.42 5.151197530671873
2352.64 4.882366639243719
2372.82 4.011119045852416
2391.84 5.091477585141666
2412.63 5.073236738020413
2437.39 4.685144501506864
2451.81 5.178372234592642
2476.52 4.2921202219881955
2493.62 5.1542949081324405
2520.85 4.46979585663596
2538.7 4.608654901378492
2564.15 4.855561244593668
2584.38 4.647790442780311
2604.91 5.132934735606912
2636.15 5.586544101678604
2652.95 4.934437657930233
2664.81 4.884397506346099
2686.39 4.677069488472457
2706.31 5.313467700099437
2743.28 5.320772124419537
2756.74 5.38398774144221
2786.3 4.835152531203127
2800.01 4.69749922831287
2826.65 4.679751595971735
2835.38 5.741650982078238
2872.87 4.988920825188549
2899.54 5.3551175523978936
2912.07 5.794122107791655
2942.06 5.744124302276196
2952.39 5.39430987244893
2983.15 5.597666924710688
3017.28 5.6830463661666535
3033.54 5.599060992702258
3058.48 5.915310304624771
3077.36 5.887775810949327
3102.62 5.476929431716278
3129.38 6.60204180538112
3142.86 5.91508275512693
3168.55 5.7265762022346305
3191.79 5.839799568478357
3222.88 5.620823427221317
3237.51 5.202835669132748
3259.59 5.6072113389812595
3289.8 6.26624289347293
3320.12 6.65860766226694
3335.46 5.462333201114703
3366.13 5.073355004333917
3391.31 5.636678011027417
3422.58 6.088927327534792
3439.2 5.403591398320195
3467.75 5.97316289749409
3483.0 5.531708596808042
3522.66 5.882707199920799
3542.67 5.371481266838785
3561.65 5.842608578366344
3596.47 5.960460636561573
3610.16 5.461624666708616
3634.97 6.526368898553007
3665.65 5.978768685941946
3698.43 5.312725383454334
3715.33 6.037964143649745
3749.58 5.812644492827684
3765.95 5.600363827466927
3808.88 6.363462579445251
3826.12 5.849432109188037
3847.93 6.5109178308438205
3871.66 5.624610564296875
3896.25 5.953190321163939
3931.16 4.865978216145239
3947.3 6.4166112551720005
3974.39 6.552784064807872
4000.43 6.306540335239283
4029.24 6.335078847180989
4060.75 6.466736039146797
4083.52 6.694512379553868
4120.11 6.471644226933369
4150.2 6.9896637973510565
4156.68 6.681180733972104
4194.28 5.793566777038132
4215.45 6.296751146424639
4249.67 6.55232867002259
4279.48 6.182871177697301
4300.32 6.333685814752735
4326.07 6.082750282561334
4350.28 6.823885696580797
4390.23 6.029773710513522
4407.11 6.0374977432708
4432.96 6.9806291980021395
4464.31 7.522987372048419
4496.5 6.9961203534530485
4519.5 6.381637720836244
4547.34 6.1446597953019335
4581.25 6.427120272719347
4620.48 7.020434174607722
4647.83 7.361006113297284
4660.64 6.769512833284239
4700.63 6.175251492854359
4735.19 7.093401088335552
4762.95 6.286260812279427
4776.01 6.62927590314357
4815.36 6.613176543840335
4847.27 5.639430024390764
4873.02 7.528093782625187
4909.61 6.984495615289626
4935.33 6.656321131075333
4960.0 7.751232160114933
4989.4 6.948553806368632
5030.65 7.038073244858994
5055.82 6.946990427516075
5071.4 6.996970773127468
5107.79 7.148458505160396
5133.22 7.488104967213
5171.93 6.497264886088606
5201.93 7.533926665424877
5218.02 7.114632527404349
5258.75 7.324320787622563
5292.16 7.8512383736580045
5337.08 7.476706226674952
5358.42 7.128620904494783
5377.78 6.964776809058565
5404.77 8.16558454735483
5459.32 8.067488828625672
5478.35 6.708895214564019
5500.34 7.686159248935714
5526.2 7.196485253232997
5571.43 6.699078369447546
5606.75 7.338969614325978
5633.5 7.556619614616049
5658.83 7.520519330471799
5691.32 7.408021058285405
5719.54 7.173470847504714
5765.48 7.011283477367037
5784.34 6.705911123777289
5822.52 6.417358958325456
5856.31 8.402436491875438
5882.23 7.275463627838436
5914.84 8.867521863519707
5951.1 7.239233384827429
5975.03 7.12032941653685
6012.06 8.705295170182342
6049.75 8.053078603863245
6069.1 7.647973587820502
6110.63 7.453142357422136
6143.75 8.800038352189153
6174.41 7.20542982756754
6204.49 7.879181366106508
6253.56 7.571344926761691
6261.54 7.041838112311302
6318.85 7.772816413630261
6346.59 8.164742433169586
6374.89 7.078698962380021
6410.58 7.308586457038051
6461.64 6.968106198961093
6476.99 7.990650724440407
6504.89 8.567542179645221
6544.07 7.6979900623474435
6571.49 7.7418924688993185
6623.18 8.57833760119057
6637.57 8.85685333512981
6682.31 7.938106764210216
6724.57 7.964876081898575
6753.7 7.860349864986927
6786.1 7.119866571783492
6811.0 8.093775386060575
6855.06 8.120884434592085
6891.09 8.25278250046613
6908.13 8.210732671327206
6939.37 7.524714678976207
6992.08 8.442022032664925
7036.56 8.189924541776927
7062.65 8.97387736711395
7097.84 8.66297547035659
7125.08 8.246898568552908
7161.59 7.87704379827864
7192.32 8.009979775255367
7229.92 9.765456261742205
7259.32 7.845035117830894
7301.64 8.573103522062473
7341.49 8.67832351321383
7382.98 8.814555916210413
7416.13 8.876943787137552
7437.35 9.31406865982853
7491.89 7.65828825521735
7504.36 8.417986932752985
7549.67 8.212539862916952
7583.53 8.454578108930097
7622.78 9.4305204522338
7680.18 9.2728138124304
7711.69 8.272903903708782
7739.25 7.676957405118254
7776.3 8.794776859022631
7827.68 8.360835843383125
7852.71 8.17579714767924
7878.64 10.1012228962636
7933.56 8.033558613715345
7959.32 8.1122854979346
7995.57 9.155482018987312
8031.09 9.773905002607709
8064.15 9.013460767097175
8116.98 8.77152187479459
8158.97 8.035663693808996
8182.33 9.55823262951891
8232.76 10.012523358274876
8256.44 8.481760666276783
8309.6 9.458266225899967
8338.89 8.305743735512191
8352.03 9.74193466412088
8411.58 9.220620152679537
8456.21 8.716046064586855
8494.12 8.901508636180722
8528.17 8.716616946958263
8575.56 10.364432642455641
8606.51 9.320659794242037
8640.01 9.01895221187029
8666.69 10.011110777531133
8723.73 9.472368816721612
8762.24 9.459620711212475
8777.24 9.51912937195414
8829.44 9.195654625963288
8880.21 8.246396728268655
8907.06 9.148079798515095
8955.25 9.637057382832168
8986.1 9.304423679089425
9020.46 10.038061765101865
9087.74 10.30047202801891
9133.41 9.555522957954734
9146.05 10.082334799043325
9186.15 9.729916495016798
9218.32 10.178937862075788
9266.07 9.656389128447548
9305.1 10.063801468630032
9357.36 7.7210429347336245
9391.51 9.266158805028113
9437.14 8.992741739869995
9473.89 9.5848932701413
9533.19 10.868216919071866
9551.04 10.175066781107631
9595.93 9.778478971701068
9646.16 9.054874046611582
9668.36 10.13431319823894
9704.67 9.999070506802122
9755.54 9.765730080234658
9810.53 8.252823213906863
9825.55 9.860855693092766
9874.93 9.683906804590801
9927.81 10.193014225438912
9972.75 9.590603474234559
10004.64 10.14706381176348
10047.06 10.006815877190906
10107.06 10.092866986144225
10127.37 11.525082689508134
10164.73 9.12979578084855
10212.31 9.828618366789913
10257.98 10.89322707006514
10283.71 9.511175479403164
10335.39 8.8521397978116
10358.73 11.02141420145346
10416.72 10.70806313018372
10447.76 10.946141968748623
10504.04 10.261617026570423
10532.25 10.613419571467059
10584.67 10.891455871461813
10626.37 11.046082156131195
10660.76 10.510272308556043
10697.88 11.276429222054293
10767.96 9.597936444882306
10797.29 10.41789129334723
10842.37 9.266236075127809
10901.99 10.41394733038342
10953.11 9.83672603054492
10962.87 11.23148836975759
11032.8 11.212403845741555
11084.66 9.77632057575855
11105.78 9.679200173568061
11157.32 11.073697485483336
