21.75 0.4723081621145246
22.71 0.51406128039369
22.92 0.5116014073475561
24.32 0.5222796185952502
25.23 0.49312371672836824
26.25 0.5129083738836792
27.96 0.5518912936439566
28.4 0.557314991723711
29.39 0.5102734560997662
31.01 0.5584791849299309
31.82 0.596888599321515
32.75 0.5519737312590156
33.17 0.5889066139890092
33.51 0.5675376639483938
35.36 0.6319050561595467
36.67 0.6477738803008346
38.18 0.6298221971318572
38.7 0.6738694235532579
40.83 0.6749896295499659
41.71 0.620531224033086
41.98 0.7186069857717777
44.15 0.7071598122065479
45.45 0.7178265807282425
46.88 0.7438118041547875
47.45 0.6958986995245787
49.23 0.6531240310997598
50.79 0.7599072311802276
51.38 0.6554052181665934
52.44 0.7096928913269457
54.55 0.7419400245302851
56.8 0.7111961754677818
57.2 0.777303029712351
58.93 0.7101063300661389
61.1 0.8314445261110329
61.53 0.8099944444253924
64.3 0.849764673306675
64.31 0.8496699359162945
65.08 0.8890084364054147
67.03 0.7959214785391835
69.04 0.8667087169285885
71.05 0.8526869296523785
72.99 0.7950465395182851
74.17 0.8530011723321369
74.65 0.8434897746860953
75.65 0.8542101614942309
79.52 1.0292210646892144
79.8 0.9377632963600142
83.94 0.9066223028361922
84.07 0.9127162757396189
84.84 1.0702074565242012
86.7 0.9932270636667127
88.81 0.9401803018570428
90.15 0.7728356875817782
90.37 0.9024029033641237
94.32 0.9849751265894993
95.64 0.9817861274228722
96.62 0.9242056048304403
100.73 1.0400822082893257
101.43 1.0004254095133729
102.42 0.9555291727624018
102.83 1.0257733667823512
105.94 1.0914962207905257
107.96 0.9767210451300823
111.7 1.0555093557141024
112.33 0.9904599941441349
116.48 1.1033113794391862
116.72 1.1301398143592676
117.56 1.2317727063058346
120.66 1.0646332701921353
123.27 1.2010707722694778
124.82 1.1023048580134263
127.29 1.2384098675317472
129.04 1.0488965630604383
129.58 1.1477961491484454
134.71 1.0872253676216352
137.67 1.2262997186658733
139.03 1.1279587758424507
140.51 1.1476493366878229
142.76 1.1644844352759722
144.57 1.1191295724803272
148.57 1.1879608579410352
150.03 1.1687133951486994
150.83 1.237178645143861
153.98 1.1931454228215437
156.24 1.291365169113679
156.47 1.2874358236432601
161.94 1.4260308552061558
161.96 1.2840498432693335
165.27 1.388513953836979
168.98 1.326422255543083
169.79 1.255252564227614
170.95 1.325697929394174
173.3 1.3493331686429413
175.14 1.478311198631736
180.88 1.307232190546117
181.91 1.3433610832534935
186.21 1.4125363712131453
186.63 1.2860524872648083
188.78 1.477537139973138
191.98 1.4348505148620883
196.19 1.3329437347465196
196.39 1.355204412625638
202.23 1.5713596023825993
204.11 1.4436685907783684
206.2 1.4232357499725756
209.37 1.4899432875113068
210.95 1.6142103332589592
215.91 1.5910433683592664
216.98 1.5388294252450465
218.17 1.5012031841159945
222.53 1.56514887470809
226.12 1.6441581432453507
228.13 1.5135821748421854
232.02 1.640913160407948
233.19 1.583521076588499
235.4 1.6290488022155754
240.97 1.645749373385875
241.41 1.4158456836816644
244.09 1.3571363232925422
246.25 1.5445630450065804
249.45 1.5719017144847194
255.78 1.4362854869419241
259.77 1.775379114442884
260.08 1.5847195335452895
263.0 1.6749925372968082
263.59 1.7489479694948045
268.81 1.7474950643707126
271.08 1.6719258356757336
272.28 1.5895332648296479
281.95 1.5223912112200333
282.48 1.6461154273014997
285.0 1.4732277488562315
287.27 1.8114002870707513
290.38 1.5145811302138952
295.7 1.8777380008936284
296.78 1.9501579423215958
299.79 1.8570026925128569
304.28 1.7369559579908753
306.33 1.8028341576528888
312.27 1.778643022081722
315.21 1.4407147531694122
315.72 1.717502838425602
321.51 1.833439118160186
325.77 1.7604462502445226
326.5 1.7577542490348304
328.47 1.6801461245975005
331.43 1.8863856975708864
336.73 1.5465998189577033
339.16 1.8662647186291657
341.13 1.6273078995691013
344.93 2.01401365437278
347.51 1.7901114490444443
353.57 1.855546011286166
355.06 1.907816553025998
361.18 1.8453931830371544
366.36 1.985322140107242
368.96 1.8903925518262075
373.2 1.8590857968367143
373.46 2.02866557125614
380.46 1.7715202510837973
381.81 2.139845555174485
387.08 1.8981401423498743
387.35 1.6888679640516604
395.23 1.9636626492348426
397.27 2.1526195669462824
399.55 1.7918356509456999
401.51 1.780814139656354
409.8 1.6618062462272793
409.9 1.9385819559667834
416.96 1.8213687161033594
418.45 1.8938518949484937
420.97 1.8508082018404823
423.9 2.146136062788192
430.93 2.2757967835463697
431.86 2.0625236968335665
439.51 2.3010212949905524
445.04 1.9815610008273783
445.42 2.02089979959423
448.76 2.1290429774901214
453.5 2.039387162850644
460.12 2.0984413263181794
465.38 2.1076897304869138
465.89 2.099709265588929
470.97 2.0166534159344285
474.68 2.259507911028417
477.83 2.092799799311917
484.85 1.8909455306803526
485.87 2.299332729293436
489.82 2.0956326013879436
496.13 2.4689129186749375
499.74 2.1269518095152042
500.17 2.4924307412644384
506.09 2.136730914270676
511.59 2.0444116513070454
514.99 2.066228206176656
517.03 2.3055782354975505
520.78 2.081037241377482
529.39 2.465923559236985
530.63 2.2744518020833064
538.61 2.3376011208073972
545.14 2.295518242140541
546.03 2.559548983707872
547.78 2.4348133398681715
556.85 2.4432099786960597
557.83 2.2783351377705605
561.32 2.457270029931591
568.43 2.402717419922701
571.26 2.076998796340528
577.67 2.312619942835398
579.8 2.389895395200384
585.2 2.4943937139112586
587.1 2.474853531019563
596.3 2.3803571160647303
599.87 2.29493594681856
603.42 2.5735648427813116
606.29 2.6409958349077343
611.03 2.506370084404935
613.16 2.4110877213407234
625.08 2.37998655458387
625.18 2.466105431647236
629.56 2.4015544965709186
635.15 2.5452848563569463
636.39 2.1515526951483204
644.33 2.5345238211545773
644.99 3.0039472365539313
658.02 2.4029972950463345
660.92 2.770836696739813
661.34 2.6510835520594216
667.97 2.901463596187276
668.4 2.4140422531513406
675.55 2.386687034363743
676.28 2.418597940956702
689.07 2.440297317951237
689.59 2.5857337449938655
699.1 2.3725302948539984
702.85 2.4275244591970644
703.18 2.668909140454204
712.88 2.481623662040641
718.49 2.6567835817017538
721.72 2.476815697624674
722.81 2.7833323552892493
731.32 2.7505592158686567
740.69 2.7290179552359124
741.12 2.5387114841982337
746.01 2.591157849302123
751.4 2.5560516426707816
752.44 2.65579818510368
763.0 2.6582324954751417
765.81 2.9048819253112503
774.66 2.7168076855014966
777.34 2.660008270663834
784.73 2.7863185388609106
785.06 2.6046427778104233
787.47 2.997680936991127
800.62 3.1403751368268087
803.74 2.6145982482974324
807.44 2.7109894872536855
819.49 2.7662427586891214
820.56 2.6187905605450768
828.26 2.9406672712158377
832.84 2.6991746886780037
836.18 3.2810480033062603
842.72 2.652473562544969
843.76 2.9807086405752576
855.31 2.8970224369169117
857.65 3.4545151613504315
858.56 3.1366007077726676
867.29 3.1241413220275427
870.85 2.8295361810727924
880.56 2.721555437612837
883.89 3.4381941480957705
888.53 2.8059028849908545
888.58 2.779179015464819
895.5 3.055961387190617
906.0 2.8484381685407882
915.98 3.0430898770821737
917.61 3.2798138666698753
922.49 2.707415557316608
926.71 3.12964199230519
932.59 2.824892741326651
933.68 3.179996226412855
939.01 2.977028552096873
951.53 2.6431971171291786
957.49 3.0871830201657953
963.11 3.2332304279157094
965.48 3.1198551248415365
976.3 2.777030788450139
977.5 3.02593787114012
980.74 3.5969881845788714
987.5 3.2218162579514056
999.42 3.0667631144253713
1000.74 3.0411057199643685
1002.93 3.269900763020187
1011.57 3.017093137442065
1023.2 3.2787497617232093
1024.97 3.358048689343262
1038.25 2.702938216090039
1038.68 3.2614683809597174
1045.2 3.1979993746090694
1049.17 3.1800646219849056
1057.71 3.3350650668315303
1059.45 3.139948247981167
1071.89 3.2884614943769677
1075.39 2.906781553539928
1076.91 3.1859408343533313
1085.54 3.158620585002257
1096.34 3.674594399386142
1097.13 3.2173795237739675
1102.49 3.5017280020012977
1111.14 3.4977712904076506
1111.26 3.408155512883765
1125.63 3.558669835767291
1126.19 3.774803173676742
1135.68 3.2812765808447173
1142.42 3.5602859435725107
1149.53 3.135010526298118
1150.09 3.139366018800611
1164.24 3.5439559816679433
1170.73 3.2386372133970176
1176.08 3.3186949242134327
1178.58 3.0384265664978645
1188.79 3.303522211216386
1189.63 3.4625324547215435
1203.96 3.4608646318514102
1205.86 3.2873703776727075
1209.67 3.541611356430855
1216.36 3.1288822285282647
1228.83 3.3792619016584076
1231.21 3.348620462220225
1235.27 3.317253532668252
1240.1 3.4139859402170947
1256.4 3.5191192079837252
1256.85 3.5449224251032634
1267.99 3.659139106401941
1269.89 3.135566774922837
1279.06 3.357761754502544
1279.67 3.3772490284253545
1292.91 3.994698862242309
1294.95 3.2445454227056216
1296.33 3.2122906157444726
1305.26 3.6512633430088277
1314.75 3.557987492951598
1322.24 4.081963253141802
1329.57 3.2644526340567426
1332.93 3.7142497223530895
1339.4 3.598249574445886
1346.37 3.9536983951738143
1357.83 3.64384563339338
1366.56 3.7654566788106854
1366.69 3.521411506768273
1375.37 3.6680963727797553
1384.31 3.734801065652627
1392.08 3.811815315568161
1397.31 3.629041057910478
1402.71 3.8240631532442038
1411.52 3.703821809968725
1414.81 3.8107924372760054
1419.98 4.103729523250771
1426.15 3.96316477073563
1440.09 3.688443980867813
1441.56 4.089604381844287
1452.52 3.272475515569215
1452.65 3.7255167426814766
1469.51 4.049481324811858
1474.71 3.8802395544605233
1475.58 3.5566045605324192
1491.77 4.0355632816250075
1496.93 3.5950592484686537
1504.24 3.911243280595059
1515.86 4.109112312896789
1517.19 3.8589038599063334
1523.3 4.125809011575791
1530.53 4.297405147295284
1533.91 4.3175709606212616
1542.08 4.2207743365406305
1553.07 3.932817183648383
1560.68 3.95661168172971
1562.89 3.5347671776228773
1578.08 3.689245993424673
1581.99 3.7265934846720272
1582.13 3.9260579465922305
1603.81 4.217883236885536
1606.4 4.254338961577933
1615.43 3.7537249499663665
1616.24 4.097978038008501
1629.71 3.8603444146863373
1631.01 4.263038704961521
1642.34 4.40940404136432
1652.75 3.984077684985573
1656.1 3.867906410449973
1660.46 3.9334315806938855
1666.87 3.9181285073361236
1676.34 3.9544461053351077
1685.01 3.839361795923901
1691.05 4.119377987026683
1699.16 4.020092536248389
1709.29 3.9866601309868392
1715.11 4.137194580872405
1725.62 4.5551900070139775
1735.17 4.414047009264854
1740.29 4.217020156461194
1743.31 4.21202314808454
1753.46 4.602247711716526
1759.09 3.7973173425459192
1768.81 4.166694013243593
1778.25 4.335167240141954
1790.65 4.0064541679644865
1797.22 3.8879449584581316
1798.38 4.4119786944181865
1807.08 4.309354476020742
1818.81 3.8448327661941293
1823.38 4.458963556702387
1829.06 4.683840731707259
1840.98 3.862278602068991
1842.03 4.49258177443661
1854.54 4.2120878433385025
1859.46 4.815109967591602
1868.63 3.6241317580904804
1870.89 3.9186195273335733
1887.54 4.477464014372422
1900.35 5.201526218332462
1903.03 4.030668803064822
1910.92 3.9799668340326653
1917.32 4.530626446751045
1932.07 3.7147073908990462
1932.67 4.554251969313951
1940.46 4.121733130613869
1947.01 3.8347228061490966
1956.94 4.514151526034544
1962.37 4.6104588708717475
1979.47 3.953465694805002
1982.38 5.067993291234707
1988.15 4.088676436207688
2000.6 4.760189071875192
2014.24 3.727012744813197
2016.2 4.905731342012116
2027.9 4.645696933722646
2036.89 3.734458327522213
2038.65 3.785429301941855
2053.31 4.638118045069573
2054.59 4.508527364894218
2071.8 4.417759613197622
2074.59 4.940346040511737
2076.71 4.602462275782388
2089.22 4.514234818881269
2096.49 4.564394702476989
2112.88 4.19035272978302
2120.17 4.759328839237734
2125.69 4.8268560160833465
2131.68 5.3729857621251895
2140.37 4.302363420261008
